[gd_scene load_steps=9 format=3 uid="uid://cwayehr2fq3ja"]

[ext_resource type="PackedScene" uid="uid://duii0ug71ngqy" path="res://block.tscn" id="1_n5knd"]
[ext_resource type="PackedScene" uid="uid://bru80sx16j64c" path="res://alex.tscn" id="2_0x5rm"]
[ext_resource type="MeshLibrary" uid="uid://ce6y4xygy32ch" path="res://Resources/worldblocks.tres" id="4_wr1fe"]
[ext_resource type="PackedScene" uid="uid://cvhuub4wc680d" path="res://coin.tscn" id="5_jatev"]

[sub_resource type="ProceduralSkyMaterial" id="ProceduralSkyMaterial_e0wss"]
sky_top_color = Color(0.221, 0.388733, 0.85, 1)
sky_horizon_color = Color(0.72, 0.5688, 0.6696, 1)
sky_curve = 0.0891906
ground_bottom_color = Color(0, 0, 0, 1)
ground_horizon_color = Color(0.721569, 0.568627, 0.670588, 1)
ground_curve = 0.0475683

[sub_resource type="Sky" id="Sky_o765n"]
sky_material = SubResource("ProceduralSkyMaterial_e0wss")

[sub_resource type="Environment" id="Environment_ugem4"]
background_mode = 2
sky = SubResource("Sky_o765n")
ambient_light_color = Color(0.977833, 0.833023, 0.733976, 1)
ambient_light_sky_contribution = 0.24
ssr_enabled = true
ssao_enabled = true

[sub_resource type="BoxShape3D" id="BoxShape3D_upkm3"]
size = Vector3(100, 10, 100)

[node name="level1" type="Node3D"]

[node name="Camera3D" type="Camera3D" parent="."]
transform = Transform3D(1, 0, 0, 0, 1, 0, 0, 0, 1, 0, 1.26482, 5.54372)

[node name="DirectionalLight3D" type="DirectionalLight3D" parent="."]
transform = Transform3D(0.730329, 0.0847392, 0.677819, -0.683095, 0.0905987, 0.724688, 0, -0.992276, 0.124052, -1.82428, 3.62912, -0.974533)
shadow_enabled = true

[node name="blocks" type="Node3D" parent="."]

[node name="block1" parent="blocks" instance=ExtResource("1_n5knd")]
transform = Transform3D(1, 0, 0, 0, 0.855699, -0.517475, 0, 0.517475, 0.855699, 0, 1.65089, 0)

[node name="block2" parent="blocks" instance=ExtResource("1_n5knd")]
transform = Transform3D(0.805442, 0.579561, 0.123983, -0.592674, 0.787622, 0.168492, 0, -0.209192, 0.977875, 0, 3.50362, 0)

[node name="block3" parent="blocks" instance=ExtResource("1_n5knd")]
transform = Transform3D(0.713666, -0.362484, -0.599405, 0, 0.855699, -0.517475, 0.700486, 0.369304, 0.610683, 0, 5.70121, 0)

[node name="block4" parent="blocks" instance=ExtResource("1_n5knd")]
transform = Transform3D(0.574817, 0.560149, -0.596505, -0.592674, 0.787622, 0.168492, 0.564201, 0.256681, 0.784724, 0, 7.55395, 0)

[node name="Alex" parent="." instance=ExtResource("2_0x5rm")]
transform = Transform3D(1, 0, 0, 0, 1, 0, 0, 0, 1, 0.124946, 1.57667, 2.22339)

[node name="coin" parent="." instance=ExtResource("5_jatev")]
transform = Transform3D(0.833847, 0, 0, 0, 0.833847, 0, 0, 0, 0.833847, 3.65183, 1.15784, 0)

[node name="WorldEnvironment" type="WorldEnvironment" parent="."]
environment = SubResource("Environment_ugem4")

[node name="GridMap" type="GridMap" parent="."]
mesh_library = ExtResource("4_wr1fe")
data = {
"cells": PackedInt32Array(-5, 65531, 0, -5, 65532, 0, -5, 65533, 0, -5, 65534, 0, -5, 65535, 0, -5, 0, 0, -5, 1, 0, -5, 2, 0, -5, 3, 0, -5, 4, 0, -5, 5, 0, -4, 65531, 0, -4, 65532, 0, -4, 65533, 0, -4, 65534, 0, -4, 65535, 0, -4, 0, 0, -4, 1, 0, -4, 2, 0, -4, 3, 0, -4, 4, 0, -4, 5, 0, -3, 65531, 0, -3, 65532, 0, -3, 65533, 0, -3, 65534, 0, -3, 65535, 0, -3, 0, 0, -3, 1, 0, -3, 2, 0, -3, 3, 0, -3, 4, 0, -3, 5, 0, -2, 65531, 0, -2, 65532, 0, -2, 65533, 0, -2, 65534, 0, -2, 65535, 0, -2, 0, 0, -2, 1, 0, -2, 2, 0, -2, 3, 0, -2, 4, 0, -2, 5, 0, -1, 65531, 0, -1, 65532, 0, -1, 65533, 0, -1, 65534, 0, -1, 65535, 0, -1, 0, 0, -1, 1, 0, -1, 2, 0, -1, 3, 0, -1, 4, 0, -1, 5, 0, -65536, 65531, 0, -65536, 65532, 0, -65536, 65533, 0, -65536, 65534, 0, -65536, 65535, 0, -65536, 0, 0, -65536, 1, 0, -65536, 2, 0, -65536, 3, 0, -65536, 4, 0, -65536, 5, 0, -65535, 65531, 0, -65535, 65532, 0, -65535, 65533, 0, -65535, 65534, 0, -65535, 65535, 0, -65535, 0, 0, -65535, 1, 0, -65535, 2, 0, -65535, 3, 0, -65535, 4, 0, -65535, 5, 0, -65534, 65531, 0, -65534, 65532, 0, -65534, 65533, 0, -65534, 65534, 0, -65534, 65535, 0, -65534, 0, 0, -65534, 1, 0, -65534, 2, 0, -65534, 3, 0, -65534, 4, 0, -65534, 5, 0, -65533, 65531, 0, -65533, 65532, 0, -65533, 65533, 0, -65533, 65534, 0, -65533, 65535, 0, -65533, 0, 0, -65533, 1, 0, -65533, 2, 0, -65533, 3, 0, -65533, 4, 0, -65533, 5, 0, -65532, 65531, 0, -65532, 65532, 0, -65532, 65533, 0, -65532, 65534, 0, -65532, 65535, 0, -65532, 0, 0, -65532, 1, 0, -65532, 2, 0, -65532, 3, 0, -65532, 4, 0, -65532, 5, 0, -5, 6, 5, -4, 6, 5, -3, 6, 5, -2, 6, 5, -1, 6, 5, -65536, 6, 5, -65535, 6, 5, -65534, 6, 5, -65533, 6, 5, -65532, 6, 5, -5, 65530, 655365, -4, 65530, 655365, -3, 65530, 655365, -2, 65530, 655365, -1, 65530, 655365, -65536, 65530, 655365, -65535, 65530, 655365, -65534, 65530, 655365, -65533, 65530, 655365, -65532, 65530, 655365, -65531, 65531, 1048581, -65531, 65532, 1048581, -65531, 65533, 1048581, -65531, 65534, 1048581, -65531, 65535, 1048581, -65531, 0, 1048581, -65531, 1, 1048581, -65531, 2, 1048581, -65531, 3, 1048581, -65531, 4, 1048581, -65531, 5, 1048581, -6, 65531, 1441797, -6, 65532, 1441797, -6, 65533, 1441797, -6, 65534, 1441797, -6, 65535, 1441797, -6, 0, 1441797, -6, 1, 1441797, -6, 2, 1441797, -6, 3, 1441797, -6, 4, 1441797, -6, 5, 1441797, -6, 6, 6, -65531, 6, 1048582, -65531, 65530, 655366, -6, 65530, 1441798, 2, 65531, 655362, 2, 65530, 655361, 2, 65529, 655360, 2, 65528, 655360, 1, 2, 655360)
}
metadata/_editor_floor_ = Vector3(0, 0, 0)

[node name="fallzone" type="Area3D" parent="."]
transform = Transform3D(1, 0, 0, 0, 1, 0, 0, 0, 1, 0, -16.5611, 0)

[node name="CollisionShape3D" type="CollisionShape3D" parent="fallzone"]
shape = SubResource("BoxShape3D_upkm3")

[connection signal="body_entered" from="fallzone" to="Alex" method="_on_fallzone_body_entered"]
